3
7
9
8
7
10
12
9
17
10
12
18
12
22
17
21
16
23
20
25
21
29
29
32
26
25
28
30
35
34
39
33
34
41
43
42
39
43
39
41
49
44
43
52
48
52
54
51
53
49
53
57
53
53
60
58
58
57
64
60
65
66
66
70
70
70
72
76
71
76
74
76
74
78
78
82
80
81
81
79
87
89
88
91
92
89
89
88
92
98
92
91
98
101
103
97
102
103
102
108
105
101
106
111
111
106
113
109
115
111
112
117
113
113
120
116
121
126
122
128
120
130
123
130
131
126
127
132
137
136
137
137
139
136
140
140
142
140
147
143
148
142
144
152
147
154
146
155
156
154
150
160
158
156
162
160
162
158
159
164
169
169
166
171
165
165
169
167
172
173
174
175
179
179
177
176
183
182
187
185
182
182
189
191
189
192
190
188
196
194
199
198
197
196
202
203
199
198
206
208
206
205
205
206
207
213
212
207
212
217
218
219
221
220
221
221
220
220
218
222
220
230
224
228
228
225
231
236
232
235
239
233
234
237
241
242
241
241
246
240
242
249
251
246
250
253
246
249
249
249
255
252
253
253
262
260
256
263
262
265
262
266
270
269
266
273
270
274
270
273
270
277
274
282
283
275
284
278
281
280
281
281
285
287
284
288
295
288
297
295
299
294
295
301
294
300
302
303
302
299
300
305
308
305
310
312
311
313
317
317
317
313
320
315
323
324
322
317
320
326
326
322
325
325
325
330
335
336
329
333
339
332
332
340
339
343
343
337
342
347
340
345
344
352
350
346
346
351
350
351
352
351
357
358
356
364
356
359
366
362
368
361
366
363
373
366
375
373
370
374
374
375
381
382
377
381
376
382
378
381
389
385
385
388
385
392
390
390
389
393
396
400
396
395
396
401
400
398
400
407
408
410
404
411
412
413
412
415
411
417
413
414
415
421
414
419
423
423
426
428
420
427
430
430
433
425
429
430
431
436
433
433
438
438
436
441
441
445
445
448
446
441
446
444
444
449
454
454
448
457
456
453
456
460
463
458
465
459
466
462
460
462
469
471
473
466
471
471
477
471
475
478
476
482
483
479
481
486
481
484
487
481
490
484
493
494
493
495
490
494
493
495
501
493
496
495
497
506
504
501
501
503
502
510
507
506
507
516
508
514
516
518
519
517
514
521
520
524
522
527
525
529
524
529
524
531
532
531
534
531
538
540
538
533
541
535
537
537
539
542
547
548
544
549
548
550
548
547
550
558
550
560
561
557
559
556
556
560
565
567
568
567
562
567
570
572
572
567
577
576
575
580
579
581
579
578
579
585
581
586
589
584
589
591
591
589
587
596
588
598
598
599
597
601
598
598
603
598
601
607
600
610
609
612
613
608
608
611
611
616
611
613
614
613
616
616
623
622
619
626
624
622
629
624
625
626
633
627
632
629
638
636
633
639
640
637
637
646
644
643
648
641
650
644
644
647
648
656
655
654
656
655
658
656
661
664
663
661
667
660
667
661
668
663
672
670
669
676
672
670
675
675
673
678
679
679
685
685
681
687
685
683
684
685
691
685
689
691
694
692
696
694
695
697
698
698
705
704
700
704
708
710
702
705
708
712
712
712
715
710
713
714
715
721
719
716
716
725
725
725
723
726
722
731
724
729
727
728
731
734
739
734
736
734
739
735
744
740
743
745
745
750
751
743
751
751
749
754
754
750
755
751
758
758
754
763
757
759
760
765
769
762
762
767
766
772
770
767
771
771
778
771
775
780
774
775
779
781
787
781
787
785
784
788
786
789
790
790
796
795
790
799
801
795
796
798
797
805
801
803
802
803
806
808
805
812
811
814
809
815
819
819
813
816
817
818
823
826
826
825
827
821
826
831
828
833
827
833
836
834
832
832
841
842
840
835
842
841
847
848
840
849
851
846
845
849
854
856
854
856
857
854
859
854
856
857
857
862
858
868
860
865
862
864
867
872
870
868
869
872
870
874
874
874
881
880
882
882
882
881
882
882
889
885
888
886
892
892
895
897
895
900
894
900
897
901
900
904
907
906
902
903
903
909
907
905
908
908
913
915
915
911
912
916
918
921
922
917
920
924
928
930
927
923
930
925
934
930
935
937
932
932
932
938
942
940
941
937
945
942
948
943
945
943
951
952
953
953
957
950
951
960
952
961
963
963
964
957
961
966
960
967
971
965
965
972
973
976
975
975
972
978
973
978
982
983
980
982
984
984
986
989
986
991
992
988
994
994
993
991
994
996
992
998
1001
998
998
1004
1000
1000
