1958486827
1148212176
1312641506
1611389232
1387023857
880865615
855861839
1392372108
1644386533
880790094
1395779367
1735708848
1794125643
1573777706
2130133965
1992707527
1459446529
488348808
448929340
36774262
1232340800
125724973
1307850789
397915519
1649011836
1567238394
1900508414
643801203
209847210
2131237825
1727720417
20850389
1131966354
892878275
1632239621
371506563
1773743890
340617812
1763878671
1270646776
1221407906
1012174390
858871976
868049902
438468449
841522294
713273781
1897914978
1329871102
1162203121
1934689240
414728254
1287928094
1095056381
812643774
789456282
514811127
565668540
1433257485
724658337
549422717
1013494254
745508726
1681389071
1906372529
230264699
2052895634
1532632772
570882512
1669290658
655795900
1792290418
533981400
1514667876
512856672
972449849
208706522
1226130454
722881180
1538577624
240849927
510086772
1953305879
1528778022
1605143154
618466005
170750656
2119954281
1184134545
1604008142
697128971
1733557262
470018748
1442637697
1267462686
228907630
1672902397
1172874672
1761540402
96301261
694681682
269852654
1888591679
1228663083
1784520530
253964704
53629284
1993227053
1480095158
776510464
1384321029
1720945085
1286597237
1190143260
1102239459
744256743
1808609265
1272990116
716727376
845260162
729514610
1413856347
431333777
1199533358
709010397
1698796463
1428440988
234429146
724187487
1042497742
330730407
1418869170
1312350396
71838438
500048605
949387279
325803142
553677889
795130684
1805898300
1330188354
31968065
1379359738
469301943
1222111326
334115549
1213558686
883236943
1607105665
1930286062
1728497106
189136627
1196658762
12347235
1388669986
1905669159
1711143698
669627326
2140098305
287847537
1712125069
323345064
1706716707
876991817
395183502
59281664
1826379096
720986645
612959554
474026132
379401297
1943147908
505994198
1758761035
264966203
1728105524
2092876585
1478524889
463858819
1552498602
1261327303
44872277
1741635230
310502417
57219512
982821568
68687928
1768363210
1652448894
61302585
2056210748
1217090315
384647649
1615443807
2094082133
779831152
1674725472
1772977581
1500817797
140201378
99520066
1880219094
2083349286
605514264
1491496482
200831841
186136140
1436889419
1679356730
649994959
841904373
793200385
694867237
436055955
1103702803
752086749
1418877523
1172390731
372966312
923842770
1233693317
281693412
2140933085
1618340966
1897137219
2087531570
250688470
1424379043
1713025504
1751506267
1564580421
1812545570
1484241714
1500446059
270576186
828254548
1701277900
456712326
117660319
1233150982
1106707285
959564692
2026351368
1801574522
1395620648
982570523
406177624
667014523
7477606
779143936
1590857293
1241170923
1060837348
1584306731
712028242
810490919
1524354653
962716712
87386315
1089896509
566739332
1651966736
754958431
2050981046
1004929148
1025534617
731751946
558723400
1482246943
849412265
1791874383
441470581
1808976957
1670742103
95561455
1057113957
505828978
501739079
1724128481
513306584
1280883015
1167502126
1754477508
194236715
604325209
319022102
1004727635
2128679863
1281738814
1092113950
1071092724
1848478146
596597038
1826051156
1751975544
1601526186
704102125
336243842
12765939
38865421
1185656107
1804640322
480336002
847149417
1327898777
575897457
1904263374
1833727755
1077636537
1480908207
199550691
211035904
500926686
1954028199
405272620
1105251895
125566653
1410000255
1086448110
1407305468
354630557
10057187
1108299966
951227595
1836108343
712791863
405270134
392726820
1049035705
418036073
431592241
87208165
75192747
911928243
934357582
1403091524
1487825701
691137308
1089335631
417978590
24561868
1288886322
629014494
525488554
1095430874
1034287114
1630740449
1220997527
296803721
569704912
480819347
651434278
579762099
1589119314
1602661874
268386794
154427529
2007932008
661113614
1203463234
278484433
1092705856
1290671399
353677180
2004634099
77545333
1756768704
1344976152
768682642
698620687
1762954742
793244510
1987507009
244485589
1318733064
935454235
1278772703
801989865
8968115
1575576425
1371694777
489787462
79527055
1951456876
2078906776
1682188929
72360022
85850657
1542637289
733473637
1289313892
1821121722
1826179493
432501643
27315254
1683329944
510046977
1784083958
880822449
1278729619
335220997
496293543
2071974129
175244359
740779132
1243223545
1110698594
2019551836
2045213410
1119666709
1447644613
1269424540
1609454172
1527171668
1073397768
1540877300
1061876950
1145757791
1626727958
457030591
1879231428
768558202
130668666
1557927273
1201059845
157983920
1093773569
1711106822
1942067879
1974596018
842352793
129805228
323405914
766843274
305049587
1064185046
2010066819
1415748182
936253234
1907796582
387931243
236414199
1029737474
1997385415
1763585868
2103135242
1390779068
677979170
1101409385
870023378
1135009761
833157165
1638581580
1265678427
243600790
692157777
1423662348
1337374360
255780952
1218246579
1164486730
1098133745
1348051807
1487892644
1864977020
1653101395
404594043
1727560191
921365929
1340847277
1487873125
1309297172
1577261477
370126951
1159198940
1193363697
325778546
402494360
1871342867
1427187931
1272517738
858868980
112861449
763615670
2124547408
356462239
1455773447
1400726108
1693836599
1711554399
471489039
710839682
662204497
1819540846
51248678
379697869
1325158593
455842721
2107258060
99040874
1796689999
1447647538
1408338047
1226467828
1817774489
420053339
272347877
2143553035
822547699
2143690744
1423257319
2095065437
855076076
1536118768
711197459
832139836
1892581007
19487258
85382296
1438933959
1731041658
556871335
2289993
245762507
228928534
53538671
625460376
1554087127
509381393
585234788
1653128002
158587744
2032882326
913982401
1385055572
1703173168
1334035740
1657403449
1699242555
9099791
1653610545
975016226
2104165228
361202973
363651346
667879039
1193342810
108748706
687366297
1278725106
1547682665
270924307
1835596442
1549972658
516686814
2064524976
1603511329
1142147190
1471128455
2112892722
1727381979
976772809
123996818
1612780657
1890755210
1509052390
1168470177
1077307302
1018972191
720229085
1086407093
525099088
1695245311
1043088673
886302062
2058896658
1710967712
2079644872
20161716
250850362
1210886330
1567844381
521774669
898999124
970333391
1038461484
816040452
426361072
33125026
139685260
391770147
1760507005
1116458069
515766965
1225804015
859729632
2024819356
246790544
1937036934
896307899
967019629
875960380
1421406988
514781293
1919049053
160225402
426194303
1482533118
92386626
446356019
1733383480
1303272956
2014200400
107674501
54788433
837050143
1146135985
870828885
1263411215
1179261012
1010514145
1655181362
792284369
2126972215
23464680
2018088384
839218199
2048284036
117395281
628771485
797108287
1084414910
1504731865
71031627
1599196203
1276297271
231257029
2025390506
611346741
323643655
324262877
197246573
1626916612
190979629
304921074
1681705045
1028029772
1451057060
405050282
143957340
482834424
1415564428
1799138702
1275118793
1395052995
1822603382
1145723530
86787546
1723403770
1263118811
715559031
373028410
200050073
72807249
444060037
1799246277
1349104520
675317067
1677153135
1960451261
998960722
2001416013
10214186
478393686
44911994
315135260
12615083
1072941767
1766192320
417665366
1216899107
101543096
1833229794
868554161
1376661890
1080799141
543673896
374901772
1167586687
119594018
1638020583
1883145718
492622428
1838070656
1955952967
936682466
1489833285
1157573839
1611999533
1019502773
970541452
463476607
873435138
980755638
941870294
918347132
1295890899
954485377
1991288899
914599571
1372150743
1060704358
1016142668
1057896889
1929258520
245320910
2138696030
325448768
620222682
1158799069
445042786
110759617
894461140
937665215
1948830273
702930459
1874347681
1291179911
1860504299
1338863566
163199036
683562103
1802340173
1036634174
1664317742
596726819
1954981306
812724993
1551212197
1798786558
1727324564
775879292
712007268
595983584
1833776182
493782140
841304494
1824988564
819230908
1461527176
836303986
1264273695
1572286793
1730765126
54455262
1373633419
286211937
1928802943
517329682
2146716236
1120182861
680528718
682794692
775039386
1717162892
199628786
1371766206
1524660550
1012353779
775494755
1175963460
592194695
1551374047
1887970729
1188178280
1237666581
234269221
2029482774
915171498
1053500130
1343526303
1751475484
170290177
768329448
1334756962
224745439
2141962867
1620968899
6064734
511808901
1620201488
1126247595
1192337619
155512532
1901286981
762016863
355141318
1125569539
139193766
1367495097
1901064294
1315157226
1959689792
1304954694
1055644307
1000384424
395137627
1289913529
882383551
1310309125
195930011
78426206
914300961
366220188
846755654
101574275
590965627
841234874
1722543175
597030361
1353043775
1195261015
1723277956
397897747
1350773547
1477081289
1159914610
1705914865
455167181
1299108376
925926314
208747827
466781955
738132458
1513702521
1522426262
1738516883
1908840149
664856143
473416786
1071665626
860786154
551842992
1985966588
1227006342
1398598646
2087540863
1817971969
92349872
1662600390
267518682
1445393648
710377757
1990796638
1843291395
2061151304
1320394280
855722357
1619582521
1775561461
7347086
398025187
1984309288
474129041
1136157646
1350528162
1996555303
727190881
1111884663
513927799
1200607667
36066641
1374713953
1752450659
2022033229
454236648
1003565657
1962090445
124724969
1095915530
1477207187
392243652
393825530
40101297
235556642
89633277
2101252601
1555950922
945355634
1573351475
1184028735
952702720
1971376662
1020854376
1426831761
960050660
223898890
1275903417
1687241541
1335783553
1789831216
740365560
1371850194
1017061521
345332571
1246399776
1471298169
1348898229
1061006573
1596023139
297330111
390730112
1988266791
691155641
430831409
76339785
780788918
384600363
1632290708
1726144552
1957951838
668835795
531363625
1781844852
1689690171
1958195386
594411865
1913589061
1086615155
134169758
1101888966
728962723
874535319
326255513
1746024245
1219867890
1572655289
1069838766
421282471
486178214
518378257
718612582
876908326
359161400
1409768223
1307739736
435501186
43073493
1692340099
2067791894
1769218046
1502808289
589144041
153098023
1137169493
131350565
2111293409
1731581358
2044939626
1050424917
1865751117
999344945
1779387640
592802788
1325600458
1377928237
1812670678
750772099
300283356
86469502
1236950313
818661613
805082084
2113858639
1177823014
67366660
1274114727
1613324200
110440153
818971178
1533632446
1879658199
174295819
2122776487
2032756222
1311465313
106643404
1996565984
895563023
4099383
899507253
613830492
1003444328
531411245
1206633280
181561138
1909339483
871820311
932333237
62139191