211
485
118
508
109
736
509
673
463
921
190
450
56
659
793
65
143
480
516
981
460
244
991
372
987
654
461
82
228
89
800
791
926
918
299
35
6
161
60
822
82
603
624
490
262
417
908
406
897
424
739
710
20
731
434
7
737
896
441
317
337
241
109
263
512
760
298
518
273
711
340
355
314
965
198
928
734
106
334
632
530
426
694
550
157
128
910
246
24
351
916
361
593
377
976
105
489
275
975
763
986
316
470
652
633
668
580
367
774
267
351
656
693
45
559
202
526
469
800
550
820
716
264
765
445
240
870
935
867
846
698
205
514
168
857
147
189
790
866
963
57
218
972
750
615
531
952
141
352
752
44
524
821
660
290
266
252
512
201
120
358
251
677
224
772
887
723
961
677
590
276
734
808
248
836
775
131
788
917
483
892
961
8
65
621
650
684
225
162
885
345
873
489
375
97
261
262
821
222
939
411
850
25
571
99
861
346
582
1
263
66
245
576
426
663
549
428
347
775
590
584
472
463
73
847
561
334
461
382
908
752
145
111
129
716
210
990
62
144
343
678
562
589
606
988
252
156
416
951
283
359
535
755
822
609
955
383
295
768
117
556
521
614
667
650
330
229
993
745
373
336
775
936
277
381
276
881
889
45
832
172
404
368
280
578
329
587
314
624
355
431
532
228
46
199
231
728
780
576
825
154
912
600
442
542
334
718
775
575
115
960
100
519
328
380
98
9
319
412
633
26
195
166
255
593
717
838
674
498
414
499
4
678
452
446
220
138
516
348
713
632
308
813
503
636
545
953
645
864
717
630
891
265
148
498
210
218
336
884
716
750
736
72
428
188
518
1
326
386
349
391
370
657
205
226
645
750
179
642
967
249
624
210
866
773
708
76
991
44
313
59
146
49
131
574
237
1
927
915
387
276
306
758
933
863
984
930
966
515
572
933
116
197
143
982
322
203
411
313
599
724
724
745
773
855
671
362
856
599
629
243
875
935
353
161
151
689
91
117
205
16
50
673
565
545
8
887
748
419
200
347
495
924
92
268
131
115
982
987
714
611
582
942
898
936
455
49
625
898
166
182
914
568
856
479
113
864
718
861
635
918
560
130
194
4
750
677
120
84
664
834
47
599
128
945
887
583
347
864
834
865
47
100
434
255
580
899
471
298
113
106
569
673
236
115
678
338
793
798
422
809
984
469
760
465
766
647
48
113
512
234
331
559
335
117
166
915
16
637
565
481
743
486
155
331
954
185
669
747
335
91
908
319
912
669
784
678
668
185
144
180
419
475
91
754
944
257
21
312
894
939
794
989
425
301
320
731
838
341
830
173
432
739
492
696
760
629
375
428
166
871
961
585
698
52
692
642
310
65
306
556
4
100
546
782
753
218
513
591
560
344
764
344
435
609
41
547
590
768
975
756
639
288
693
337
341
737
331
3
803
637
911
807
738
457
941
843
28
807
787
588
151
551
284
938
512
677
485
454
445
812
210
84
101
256
773
794
993
104
797
148
742
60
308
832
870
249
675
898
56
462
838
559
366
122
497
230
800
334
685
245
499
247
682
952
503
807
746
849
912
895
349
6
955
657
838
825
907
865
75
315
680
913
875
398
36
724
628
188
411
665
785
910
913
819
214
768
627
312
969
891
207
319
897
514
976
87
692
235
304
767
903
984
33
778
734
421
854
715
609
617
380
746
879
645
566
93
414
545
405
735
436
964
54
685
831
383
772
523
970
76
642
873
413
27
3
147
448
858
214
409
827
595
156
707
592
74
152
358
619
558
94
55
874
500
740
705
235
864
580
206
292
575
79
705
602
83
205
51
293
419
460
120
366
616
179
959
690
332
669
661
890
763
68
764
616
808
822
851
24
402
57
317
977
137
374
932
572
579
983
865
351
795
337
69
764
517
28
806
849
50
468
91
813
536
207
429
697
29
281
721
784
690
390
113
179
765
45
751
696
380
968
47
176
306
117
940
175
497
746
24
547
214
467
713
103
674
494
800
56
127
873
192
818
264
305
997
29
703
749
725
83
717
125
611
375
594
903
550
91
650
926
991
216
393
704
319
420
198
471
828
326
345
20
496
961
677
493
990
732
594
67
168
664
544
779
391
138
683
942
230
685
220
573
253
614
277
925
386
827
396
214
505
93
586
1
54
263
847
396
348
441
464
516
457
8
647
849
147
330
143
729
367
363
302
621
329
931
546
715
758
942
281
616
388
867
617
442
483
464
839
183
258
655
699
715
663
346
916
162
29
59
243
396
775
897
17
104
180
915
172
291
210
453
907
598
673
524
40
508
341
231
691
951
886
742
666
902
88
935
416
469
994
660
866
121
909
235
226
90
503
398
381
713
203
288
311
228
164
703
88
857
935
131
808
173
873
827
75
314
762
492
783
108
504
1
230
765
589
456
855
92
206
588
805
761
228
468
342
393
171
782
250
458
914
411
632
139
238
59
453
0
903
589
460
407
590
690
525
531
498
380
623
56
321
780
818
549
248
512
942
772
294
545
582
208
956
214
700
194
626
153
546
529
94
6
289
37
697
814
568
547
194
192
604
515
324
774
65
573
286
359
697
932
904
279
141
212
846
841
758
472
346
304
1
793
311
290
830
360
104
398
907
651
942
863
518
267
637
935
192
275
295
889
208
551
520
701
116
366
894
874
838
592
179
192
385
842
482
215
202
939
966
461
942
260
325
460
879
314
396
71
942
43
312
150
946
185
203
62
551
97
937
742
689
468
934
427
310
768
994
864
59
960
677
1
573
354
814
452
669
210
876
963
605
540
113
551
725
668
966
629
765
255
371
806
723
657
233
385
425
228
601
485
540
278
838
113
633
652
918
654
214
146
617
819
686
82
723
764
750
41
393
867
296
764
25
371
421
259
108
198
839
709
35
731
339
874
197
324
878
115
978
93
613
947
264
299
381
339
415
483
380
808
350
28
924
376
751
345
987
859
896
178
920
931
909
612
805
458
936
684
925
267
129
538
566
393
190
948
733
605
783
465
414
134
494
338
862
245
36
201
457
932
731
729
863
992
341
21
451
630
57
376
897
538
915
815
931
457
115
16
62
899
482
828
385
328
167
599
573
555
800
382
487
531
112
702
875
805
75
326
435
484
55
684
22
322
852
306
779
967
674
841
866
156
670
251
836
189
850
762
96
2
144
935
885
608
637
761
414
65
87
201
901
494
238
924
816
90
582
595
57
256
789
276
765
811
527
601
352
730
363
448
732
860
383
618
468
372
731
234
437
170
788
339
665
378
615
481
468
197
429
877
805
570
505
570
381
33
524
85
763
887
533
847
99
268
817
568
640
548
154
430
719
942
121
384
672
88
217
492
637
998
370
442
568
875
365
949
260
889
34
375
128
919
223
228
187
40
148
828
589
654
610
660
597
731
396
621
819
613
114
456
612
836
250
180
63
615
482
324
856
868
51
985
140
274
565
327
667
65
507
608
719
117
268
668
200
16
290
371
629
404
179
593
240
430
126
303
397
960
627
254
180
31
591
320
305
156
648
324
221
507
284
292
625
904
961
177
920
251
549
550
655
728
495
895
510
621
550
908
933
530
162
114
561
753
434
218
261
434
543
834
942
827
126
567
732
87
96
652
690
645
554
345
726
402
592
588
375
143
496
309
25
10
423
586
115
857
804
728
644
699
562
586
879
41
505
963
480
601
967
171
599
522
868
677
276
461
265
651
956
114
960
333
476
735
919
944
945
75
672
589
775
587
175
6
628
680
969
108
281
936
631
232
810
500
909
86
313
527
738
269
641
698
954
469
434
873
413
731
300
86
320
75
673
495
433
653
175
402
113
808
339
745
41
149
245
302
236
558
829
326
179
822
24
133
292
810
6
705
541
306
791
213
734
816
708
167
821
235
922
935
396
261
680
789
762
925
91
350
835
273
676
14
95
53
147
387
215
505
445
109
163
588
322
249
757
383
417
578
618
691
513
366
952
545
155
66
822
599
417
657
872
445
671
319
498
170
59
66
675
504
175
839
444
497
88
201
880
857
780
851
548
645
217
852
543
373
271
365
324
40
23
196
485
46
867
336
217
926
402
244
782
577
83
227
426
524
780
307
733
560
158
634
558
727
486
101
452
757
818
776
149
193
324
635
240
192
323
457
470
725
701
253
654
137
832
80
13
612
387
746
525
897
380
435
977
219
888
429
328
706
206
478
900
530
113
140
722
436
949
545
513
2
798
167
491
630
247
504
594
987
603
119
236
335
554
213
554
794
995
883
501
201
713
401
83
178
893
158
614
194
703
479
196
853
646
40
483
245
896
429
584
499
901
173
835
807
738
741
602
733
624
103
286
337
856
370
515
749
528
481
295
583
312
843
436
310
883
271
556
780
700
492
631
601
665
466
409
404
208
363
489
184
466
776
874
674
498
741
423
378
575
70
961
887
913
397
198
797
668
106
929
720
950
560
674
616
379
435
372
939
798
861
475
616
989
349
290
487
443
65
865
18
135
826
257
48
575
807
197
595
913
478
316
864
391
342
832
770
777
556
61
575
769
536
191
759
238
833
598
33
898
816
51
33
642
660
433
570
468
631
165
381
461
833
597
852
527
781
974
304
337
35
231
107
924
774
218
514
607
168
547
505
984
950
538
979
610
324
549
78
307
66
460
768
252
409
621
779
191
947
436
880
335
667
339
259
442
557
125
401
726
672
907
62
622
797
41
232
121
942
311
428
9
123
549
613
884
522
392
75
469
828
308
804
496
647
415
290
205
540
43
283
212
950
345
186
100
739
771
573
681
434
354
42
557
903
655
793
425
48
869
246
228
177
403
76
176
818
718
381
359
762
16
923
712
714
462
164
453
233
738
486
667
92
529
576
347
184
369
124
584
590
370
813
119
125
889
296
944
608
29
655
370
46
930
434
112
392
951
917
625
689
403
644
133
284
220
832
469
590
956
405
180
678
218
300
804
460
948
100
68
977
755
790
23
685
576
487
430
527
404
407
568
160
52
701
444
272
885
265
214
841
671
747
872
241
399
676
701
347
776
121
324
883
911
700
920
840
187
350
367
944
110
936
456
162
989
252
786
875
518
353
68
541
100
940
782
499
968
484
198
96
957
522
979
869
574
252
709
762
954
428
58
64
364
866
578
706
118
365
581
988
70
649
529
170
942
664
21
910
500
219
7
457
93
338
678
668
590
739
782
545
168
840
961
884
58
540
590
176
257
523
165
327
525
46
497
467
62
518
377
562
89
736
372
182
427
50
850
17
790
632
914
310
824
876
546
882
416
137
59
673
12
576
0
537
974
849
4
37
719
734
599
808
822
971
342
249
374
193
619
516
177
533
826
2
761
724
236
177
213
647
202
226
575
554
763
550
755
120
587
474
206
538
634
28
862
329
630
236
522
249
752
51
134
930
405
896
654
642
425
868
641
628
446
217
534
561
767
290
33
706
116
239
596
103
620
458
432
602
46
306
851
150
357
985
432
115
881
439
757
307
659
750
287
105
967
173
666
86
463
52
144
932
291
741
35
263
551
467
865
598
773
68
100
482
54
533
597
287
972
706
946
631
457
585
88
776
759
106
215
574
158
711
858
450
804
893
65
356
712
931
306
485
999
406
320
405
291
917
45
263
976
343
246
785
929
334
913
40
441
128
966
599
840
825
401
644
718
819
352
783
750
658
268
101
417
940
859
60
210
256
324
186
599
922
971
880
609
884
272
50
365
239
1
557
416
755
553
134
574
906
917
676
916
538
129
685
830
988
746
40
596
422
578
196
696
901
428
305
786
701
707
503
292
61
60
708
816
965
194
742
223
112
418
140
2
899
177
184
240
923
225
836
697
803
384
394
705
813
699
843
514
759
698
806
820
110
866
636
75
60
730
299
524
500
791
526
399
968
63
639
244
288
476
293
443
860
39
500
25
739
343
891
850
393
49
670
503
915
658
931
976
388
230
500
888
373
379
287
341
442
279
937
82
755
583
525
967
622
26
345
713
721
236
563
115
286
233
970
201
243
901
177
631
483
30
871
856
409
511
550
203
790
839
285
897
422
810
216
45
188
561
758
262
798
322
729
84
907
51
637
151
953
167
782
436
197
6
645
958
517
195
161
659
34
446
556
809
608
124
854
149
686
612
763
836
934
492
920
842
543
909
993
848
76
127
637
625
485
282
583
2
829
744
13
215
542
921
24
503
46
878
4
732
491
767
920
777
259
840
971
154
101
316
3
178
796
992
155
281
274
739
284
455
835
649
670
730
571
695
233
617
925
237
701
416
356
621
546
615
813
869
121
914
186
476
444
982
468
600
263
94
691
899
549
526
901
220
256
472
267
841
89
192
430
142
961
786
763
507
753
928
376
227
194
914
703
639
248
172
591
512
618
282
763
168
808
664
740
417
488
7
610
577
199
393
71
512
531
186
371
285
114
100
864
309
14
567
300
263
91
891
127
710
173
242
230
981
907
970
750
395
329
713
325
880
106
748
393
637
935
764
274
49
864
138
710
879
58
10
494
149
901
621
211
74
863
441
408
122
763
510
870
92
223
547
973
681
295
366
671
230
130
945
632
347
436
342
578
494
353
72
995
254
45
559
681
908
0
89
383
764
599
605
856
175
152
181
856
447
547
527
30
30
825
662
377
613
356
955
107
709
379
454
316
424
13
349
684
366
438
67
482
389
672
690
916
176
872
773
976
771
652
358
801
477
20
530
90
728
837
549
790
216
356
106
640
721
807
325
87
597
744
921
986
769
612
903
297
836
28
273
607
680
631
409
158
3
291
600
732
129
150
522
345
506
980
338
579
787
15
667
736
759
940
722
880
904
977
178
740
357
451
348
38
435
109
548
438
400
500
522
529
650
396
875
508
376
565
88
515
580
107
251
339
47
326
220
304
655
750
44
13
201
744
403
988
853
303
427
254
803
301
135
806
698
362
666
426
927
754
942
507
213
545
199
613
871
771
917
879
521
313
892
74
58
647
63
911
950
842
517
105
143
653
911
193
15
578
620
295
684
562
802
250
459
353
215
331
124
132
210
645
445
454
720
503
101
135
767
403
977
284
508
472
289
772
666
657
702
638
952
738
200
106
988
659
460
203
342
584
687
904
582
485
358
654
988
811
789
107
566
118
392
75
590
681
199
608
338
901
246
290
639
798
749
980
810
209
535
504
145
223
409
727
708
119
381
48
931
170
156
497
640
900
924
231
933
123
191
272
376
790
914
368
940
663
348
750
224
235
255
370
458
664
97
518
135
479
919
66
1
427
916
642
327
840
225
612
316
768
884
44
558
151
412
499
166
112
601
743
348
208
113
158
224
562
29
360
393
300
426
395
727
694
389
406
887
614
18
555
734
255
599
293
758
364
144
924
828
97
667
528
306
132
687
530
695
68
890
88
368
669
835
95
363
224
853
602
190
871
157
925
126
757
570
884
473
66
161
301
163
180
830
821
313
869
352
360
937
242
800
657
263
636
752
627
212
957
229
403
828
739
680
307
496
602
543
321
20
56
622
183
237
452
5
902
673
709
614
610
951
414
267
215
50
371
194
615
328
775
18
509
514
50
816
362
4
711
683
24
768
306
207
357
110
564
259
784
273
873
746
577
287
366
144
690
89
338
305
770
465
675
279
980
77
447
342
81
158
26
105
278
684
664
635
146
229
246
282
854
471
381
783
111
747
927
153
188
617
458
958
83
485
237
415
562
36
757
995
195
135
100
825
171
116
813
318
697
59
600
552
883
981
687
994
80
615
147
269
584
957
579
667
794
817
434
708
205
192
703
752
679
155
578
851
271
391
169
969
802
121
873
685
455
560
31
887
175
530
508
112
487
88
131
633
257
566
341
462
758
44
215
789
199
793
640
823
536
161
792
690
283
665
728
90
225
759
977
753
290
838
865
129
926
348
763
535
914
104
997
24
501
212
814
52
357
806
875
245
968
667
936
603
684
664
45
910
775
374
15
417
212
232
899
490
580
662
25
495
118
23
871
971
587
685
24
297
844
899
542
812
919
830
415
603
846
460
865
622
834
880
39
399
464
938
889
45
952
915
892
423
938
115
394
877
801
770
174
997
22
69
809
293
899
576
896
746
388
114
720
574
346
759
973
811
50
863
208
354
778
100
777
68
215
524
297
368
294
472
365
668
893
526
961
792
102
210
890
490
324
610
417
670
722
390
481
772
605
689
126
735
141
256
155
709
780
453
77
426
277
795
95
170
673
408
314
776
618
205
618
942
167
35
613
889
778
446
13
383
488
492
119
629
748
274
338
880
79
768
306
356
915
753
878
588
162
193
716
132
750
335
75
917
722
40
159
500
838
172
236
326
664
707
956
764
981
646
644
413
766
303
769
681
408
648
622
570
193
338
55
943
25
130
212
100
522
723
952
360
896
188
687
912
895
995
677
229
993
673
642
760
976
763
793
385
763
415
307
956
106
362
251
131
844
816
583
718
539
536
431
787
76
470
52
972
465
81
553
810
754
547
570
83
662
716
820
426
131
127
734
589
842
338
73
38
154
656
109
45
192
540
185
269
10
237
593
827
318
498
637
424
397
560
507
59
276
327
837
759
807
572
701
1
910
774
391
416
782
852
813
975
392
998
596
754
587
541
581
905
391
571
330
788
483
189
199
759
869
37
870
676
609
571
29
871
345
772
639
128
625
452
455
369
803
403
124
390
296
57
648
687
980
978
827
463
519
26
574
388
63
445
416
24
16
797
895
714
570
886
194
195
691
1
916
494
404
40
236
52
98
884
739
78
214
566
894
734
592
468
474
656
913
891
32
282
40
280
996
610
166
542
157
209
543
74
703
299
466
292
351
916
176
90
995
743
8
889
829
952
709
303
960
623
546
993
905
587
273
253
549
439
795
59
649
690
133
704
989
951
996
340
868
525
782
863
620
142
104
449
94
813
752
55
788
299
48
45
238
321
298
787
112
445
846
761
487
331
818
476
283
166
168
151
43
302
366
663
444
822
112
891
987
865
946
776
516
346
821
106
667
472
893
131
269
92
893
757
775
63
233
58
229
754
561
625
56
927
288
853
749
401
744
89
618
42
865
486
388
38
592
407
862
837
538
132
929
783
889
57
846
474
115
428
580
677
53
989
956
693
842
58
94
938
147
64
332
364
550
720
754
494
479
617
332
17
101
613
153
990
670
351
816
138
779
397
167
184
386
123
878
580
533
324
870
680
741
202
396
643
922
151
138
753
120
822
770
221
787
923
563
810
275
379
948
406
128
467
943
866
590
173
798
476
497
668
156
590
870
905
234
144
408
724
897
528
546
20
749
685
295
312
495
922
43
795
681
172
262
624
38
205
797
837
681
646
857
189
237
728
94
471
224
502
195
474
30
93
494
131
778
141
443
274
64
487
421
745
11
684
721
401
889
870
238
570
516
448
759
105
176
206
928
752
708
475
226
91
568
72
222
699
214
18
325
630
857
746
727
868
430
448
269
671
318
860
241
186
308
353
292
836
559
220
588
267
696
167
710
616
239
285
315
805
303
640
435
160
739
514
380
169
962
649
841
632
509
434
171
169
787
463
5
346
35
946
966
83
113
28
700
704
313
367
862
616
360
649
128
99
164
508
620
478
158
813
111
19
248
634
541
387
97
546
734
484
844
52
568
309
432
620
14
746
987
876
714
699
525
843
798
41
703
419
520
861
232
983
233
832
617
774
220
66
672
306
550
517
710
118
826
142
90
192
240
78
420
955
129
298
150
928
339
853
699
859
67
283
842
300
116
459
426
688
525
450
346
76
319
56
546
146
550
989
690
791
419
111
746
548
409
896
476
748
749
527
960
816
811
802
468
279
262
246
967
139
697
313
567
16
721
466
514
271
455
205
62
874
668
160
422
429
56
251
177
158
778
489
974
589
292
795
220
906
41
539
45
90
204
965
107
925
431
621
549
886
178
611
112
846
772
534
275
180
785
805
338
916
294
665
857
938
812
78
844
853
617
242
944
174
207
403
99
990
376
648
228
907
612
340
753
736
226
381
916
364
538
607
280
184
624
137
123
436
567
319
289
185
561
585
711
120
340
810
462
717
811
690
624
775
30
729
511
257
462
779
973
0
386
253
537
10
742
660
446
310
331
88
847
893
25
558
365
366
720
828
435
531
870
411
306
901
140
817
510
955
949
483
307
335
88
844
346
830
856
144
492
188
584
339
81
610
897
798
328
618
978
763
501
849
174
808
102
666
977
964
621
926
799
929
614
887
773
312
69
630
456
562
818
393
253
251
3
151
401
331
121
380
94
622
581
620
782
683
286
112
999
260
390
798
189
4
37
314
668
106
296
477
20
466
870
274
69
873
777
823
556
250
555
650
872
136
622
7
171
908
471
170
520
861
320
709
218
357
376
886
815
24
715
836
843
585
462
912
458
591
87
14
841
642
16
65
778
638
72
301
899
543
471
419
757
791
481
975
148
209
213
316
233
929
504
428
866
966
693
677
557
780
691
750
423
60
815
201
50
240
503
301
135
326
721
892
470
554
219
970
763
785
286
348
66
790
777
932
756
470
609
665
250
653
767
673
65
583
227
115
175
82
417
310
408
490
555
230
44
126
201
159
263
487
507
329
278
636
262
386
458
223
404
61
876
171
86
941
106
313
409
281
747
826
944
508
316
851
738
712
977
939
871
241
427
730
922
57
719
536
443
177
760
199
238
988
371
677
282
829
990
691
111
90
869
407
598
185
258
688
249
235
980
120
828
407
202
103
816
921
639
611
99
399
811
689
740
534
366
22
363
709
65
474
151
934
233
101
471
491
789
720
79
769
192
907
528
394
10
344
668
2
956
767
753
119
808
493
653
527
867
16
236
932
843
387
866
76
488
337
920
629
409
999
399
601
258
279
348
621
624
16
623
932
135
728
403
295
222
56
822
441
424
410
374
619
797
592
48
637
282
968
267
691
967
18
645
577
297
345
198
273
361
173
557
848
902
960
495
476
368
318
917
145
728
291
764
878
236
812
867
518
780
134
209
99
504
206
677
154
551
227
427
264
401
337
464
303
649
960
779
18
278
48
163
358
340
927
236
576
92
456
446
872
590
655
324
447
862
353
601
765
580
380
30
981
69
494
636
719
454
767
737
84
816
252
443
508
531
31
436
623
487
882
848
430
889
172
229
103
525
182
869
457
914
251
439
984
745
427
703
552
547
792
988
363
396
783
223
927
167
11
551
6
893
751
788
134
923
17
238
800
199
459
257
466
710
48
450
807
828
505
711
375
649
700
90
45
835
313
324
2
324
875
9
569
978
797
703
901
167
293
53
718
752
663
184
462
63
986
622
891
491
333
266
492
385
356
537
221
21
862
575
697
89
584
618
68
734
322
321
901
615
727
619
720
390
804
534
805
790
156
697
634
490
315
126
227
24
16
448
45
230
24
95
671
960
713
91
694
387
765
947
355
844
567
75
234
723
609
391
865
118
88
499
960
404
978
187
428
346
988
825
576
364
920
599
324
986
691
371
725
808
318
80
652
237
507
238
312
469
629
178
587
718
29
547
474
359
734
902
705
74
727
633
438
0
233
115
338
276
486
63
84
156
496
736
746
3
326
58
472
955
588
411
25
618
958
499
329
45
401
35
119
481
668
910
833
253
25
171
529
511
586
965
19
82
53
765
438
379
176
910
335
764
674
712
734
632
212
64
29
965
451
501
446
471
411
631
725
436
802
606
299
389
924
318
823
977
436
261
709
612
524
396
728
198
108
815
182
320
879
212
286
682
65
84
153
476
716
878
912
870
837
211
611
761
881
435
90
669
696
799
633
572
195
362
770
656
177
305
976
408
869
614
90
934
699
243
410
767
474
674
637
663
237
249
776
470
684
866
140
732
18
773
657
565
487
779
221
16
84
550
424
953
164
866
239
215
462
1
982
288
675
972
951
264
221
79
735
257
945
875
341
315
0
998
881
488
778
454
856
214
4
281
520
521
499
759
88
961
761
423
249
788
395
552
53
616
631
140
225
929
367
566
596
367
917
829
207
47
284
64
261
640
697
781
513
196
541
602
510
654
25
111
794
772
664
847
740
647
987
965
928
354
883
525
74
152
354
633
199
990
697
461
983
746
242
496
943
135
98
805
789
475
916
584
247
932
783
987
580
123
304
860
829
188
385
255
340
92
889
540
434
938
353
417
685
595
914
980
83
364
785
224
840
701
160
439
986
944
427
566
419
731
426
600
271
164
856
612
608
745
504
394
35
857
812
720
804
78
52
887
442
837
112
634
891
272
74
877
568
853
795
339
584
573
940
856
89
796
820
697
893
676
444
928
885
608
1
689
686
53
929
480
243
393
467
134
17
541
363
586
746
158
277
330
83
217
538
173
365
710
222
610
386
666
539
271
274
892
313
312
945
242
145
188
635
612
674
4
505
37
942
251
547
220
933
983
437
472
156
155
534
378
765
273
397
656
544
23
548
857
688
846
451
833
386
438
445
61
443
950
450
385
201
350
957
486
333
747
958
489
902
845
219
19
118
968
676
662
992
576
872
680
774
675
513
161
466
310
574
909
260
24
646
813
726
956
299
59
703
610
900
605
455
472
976
925
440
4
939
432
933
163
464
707
839
329
220
305
639
794
566
251
171
564
64
897
520
716
309
223
678
209
180
133
681
157
410
474
161
349
258
446
513
723
154
352
404
374
9
44
521
927
647
44
491
64
293
364
780
602
939
458
164
120
943
197
629
353
23
142
702
282
589
567
357
95
919
761
821
280
805
342
207
453
738
51
869
32
415
649
986
706
459
502
826
402
52
807
107
75
950
161
357
891
729
714
986
0
828
807
281
985
502
840
438
240
243
307
624
658
308
963
717
767
465
543
521
869
703
980
945
5
142
654
896
871
721
234
223
901
41
504
886
895
697
325
488
940
984
112
951
645
75
668
764
893
563
638
762
266
618
59
271
112
66
519
335
139
753
559
40
147
415
926
42
112
603
530
53
940
995
356
585
70
24
701
963
587
339
78
206
958
137
829
422
555
349
758
694
102
317
734
601
732
661
644
845
616
526
250
556
521
606
493
944
982
195
259
569
534
337
127
844
827
957
267
382
306
377
429
760
694
515
362
426
176
358
623
145
236
225
701
758
183
195
702
165
390
313
87
276
651
566
473
830
523
92
564
181
469
993
942
163
509
656
941
37
366
917
182
602
494
236
712
678
431
766
195
173
80
634
801
83
201
274
913
724
718
477
906
187
823
200
702
684
208
996
721
574
265
256
528
759
492
241
789
275
7
985
448
439
619
601
522
820
228
435
897
946
265
803
486
88
355
540
772
563
888
845
489
153
101
17
913
945
610
702
220
970
39
20
409
659
622
932
831
202
719
728
148
984
883
986
424
238
879
548
801
767
394
642
921
847
660
186
145
270
888
365
240
928
738
650
939
712
934
122
914
653
851
414
990
86
753
766
325
632
315
478
399
61
121
320
908
133
506
405
403
747
123
996
27
861
998
318
925
932
440
191
937
643
957
279
730
710
46
407
694
361
237
94
422
710
766
682
843
625
88
599
724
563
595
751
424
593
421
701
877
861
892
166
857
849
446
587
912
492
346
606
853
583
52
627
294
819
661
489
796
101
88
520
664
35
623
440
980
44
141
209
257
385
376
114
587
822
53
499
314
399
457
519
335
510
146
981
681
159
470
477
261
911
997
925
298
620
366
279
16
859
488
273
245
216
740
832
38
145
683
352
545
140
871
232
650
369
213
331
529
35
160
790
298
157
67
597
129
785
228
497
645
68
123
890
285
863
74
675
8
757
28
905
897
899
137
900
621
702
583
150
90
744
292
388
253
359
337
383
145
917
880
790
338
3
32
975
218
106
650
579
863
678
484
112
930
974
12
551
676
596
53
766
692
345
507
945
56
844
680
201
114
561
343
452
916
375
779
487
481
429
66
696
460
550
809
742
876
173
645
553
121
698
671
813
395
530
759
451
727
791
5
841
704
348
645
621
76
424
460
909
205
526
958
17
428
767
759
305
940
404
210
62
454
233
227
201
764
338
653
491
130
10
684
834
710
329
807
786
105
267
48
662
793
6
680
222
773
791
879
65
196
441
479
2
674
707
204
438
45
209
281
175
219
965
362
281
646
169
420
103
437
468
766
230
474
798
804
599
589
35
16
137
476
496
140
151
555
696
941
952
257
223
480
828
540
842
109
539
11
529
642
800
997
760
383
823
558
187
774
500
223
143
637
699
991
129
202
546
825
144
498
82
719
330
910
611
172
372
150
536
901
145
336
251
905
719
426
816
259
553
316
482
696
305
533
687
435
736
233
612
232
83
47
303
414
309
914
938
681
65
474
935
210
163
186
467
882
964
283
141
517
951
975
213
609
861
900
396
949
485
8
533
921
407
836
687
717
750
625
750
167
452
685
377
615
223
197
849
188
480
343
57
784
670
271
393
531
523
789
832
9
149
365
282
557
201
969
626
952
594
376
119
398
414
849
13
637
46
215
177
878
558
235
14
228
858
407
112
381
548
944
742
50
310
24
607
511
993
585
815
940
961
287
690
727
136
704
717
534
271
894
412
829
481
427
57
339
186
521
73
87
466
815
137
128
840
96
639
185
681
807
477
994
94
168
722
582
224
439
116
495
685
880
676
167
307
85
858
846
607
931
933
425
99
70
553
291
166
544
828
199
351
658
193
797
178
915
731
402
706
199
249
392
80
277
911
739
362
121
585
321
405
870
746
504
940
299
795
458
844
975
657
547
633
203
697
811
118
428
565
177
628
166
921
708
443
832
799
158
305
737
479
710
607
226
566
548
877
713
358
73
689
368
621
322
571
318
134
41
98
699
218
726
866
139
786
661
323
586
819
629
323
651
691
930
877
258
830
106
971
541
180
660
909
153
983
480
471
469
873
569
520
92
648
386
583
786
400
907
372
219
888
47
870
579
330
99
189
512
558
513
405
738
173
314
891
508
146
714
329
20
635
850
464
635
588
47
422
988
954
794
208
194
194
430
126
876
882
315
388
440
828
794
178
354
460
421
214
959
487
544
979
122
394
795
758
982
842
532
971
149
326
531
343
872
961
469
748
195
137
489
635
317
635
165
671
95
586
238
406
425
782
385
548
528
532
658
510
375
190
833
524
868
364
867
93
678
689
841
873
826
682
861
495
317
26
167
765
965
757
171
390
539
909
290
67
441
300
929
816
842
763
692
63
479
560
156
157
601
349
383
779
32
596
274
701
622
793
466
939
550
638
682
89
899
972
508
340
625
438
509
467
201
201
882
32
113
38
190
714
388
925
845
772
521
120
473
495
913
292
435
464
282
117
905
181
441
414
873
418
852
734
238
405
288
120
437
401
159
979
468
899
256
313
23
129
785
848
625
699
140
412
515
774
881
420
307
674
186
181
93
390
267
331
795
555
451
585
309
962
916
777
213
173
442
236
654
580
85
631
631
577
43
146
352
276
918
659
951
105
192
396
847
460
727
995
367
530
580
676
493
848
805
706
373
600
295
28
180
732
659
811
309
55
309
13
683
227
673
986
684
217
734
532
677
461
527
45
344
459
73
189
659
879
247
33
479
542
413
659
274
424
822
936
831
131
949
515
358
622
853
395
192
588
279
221
401
158
266
745
969
692
286
628
571
534
13
50
428
426
61
703
851
883
639
682
14
588
549
724
563
755
119
755
343
750
976
96
908
595
194
877
287
480
506
210
366
519
260
795
298
673
498
501
556
489
535
922
429
85
646
344
192
118
451
535
868
780
631
777
727
177
6
366
658
864
576
24
736
188
819
34
861
669
535
769
510
422
691
292
507
689
636
51
807
88
586
28
220
570
157
947
747
163
313
757
28
241
134
116
429
953
502
642
975
37
411
485
811
454
129
671
143
766
722
951
206
661
979
426
583
488
373
682
651
38
440
31
279
574
147
60
879
649
702
854
38
465
692
850
919
821
521
62
939
595
365
145
256
696
923
839
184
648
522
188
686
314
571
317
888
71
729
119
72
783
326
463
600
370
313
519
543
186
934
483
133
651
980
390
700
904
229
236
904
103
424
943
417
996
260
657
67
342
777
139
125
103
602
78
825
267
597
368
805
883
851
939
887
184
681
587
440
262
823
344
366
600
287
135
948
900
793
15
242
922
506
719
377
461
797
202
80
747
570
886
982
774
177
221
958
210
808
398
472
984
94
190
936
382
326
884
282
471
899
876
745
757
947
122
218
97
676
299
196
246
537
178
372
66
752
682
276
560
432
100
896
527
291
832
909
617
716
543
440
967
771
185
77
70
307
295
167
983
946
363
581
835
894
954
253
646
636
529
558
69
982
807
948
273
639
209
242
708
752
682
27
875
867
104
945
526
752
465
861
698
828
442
886
74
748
139
72
737
21
631
158
3
438
106
628
429
315
870
489
419
552
517
294
771
621
591
297
373
56
158
424
237
952
662
311
53
801
384
790
174
367
300
529
157
758
157
938
425
27
428
844
931
945
490
702
918
433
999
644
490
509
68
727
814
730
390
867
883
126
9
410
493
661
939
2
419
97
941
844
476
721
40
408
18
882
110
288
315
462
932
805
323
0
884
489
82
275
708
966
401
69
376
247
730
667
601
501
764
894
697
593
967
737
1
985
619
463
274
287
277
206
92
953
559
977
442
641
604
151
959
357
220
335
956
303
3
558
804
119
804
854
64
772
591
65
757
563
881
383
850
158
942
294
111
501
623
906
494
227
57
454
937
629
789
893
284
144
803
441
616
608
295
680
380
886
98
489
801
979
873
3
489
815
298
953
316
921
859
810
501
268
616
790
897
758
683
182
902
487
623
870
95
270
551
475
156
1
964
310
332
189
313
821
4
963
126
672
237
985
835
90
253
451
880
503
209
563
37
464
402
12
334
497
282
237
324
790
590
641
452
922
182
118
96
187
81
222
211
318
560
398
760
165
850
640
668
411
556
57
227
958
421
914
808
55
503
132
846
94
125
650
16
308
768
112
847
850
687
58
520
247
809
281
412
659
273
433
422
829
842
650
788
264
916
596
671
419
80
869
513
206
520
530
866
288
994
713
490
33
123
363
280
932
644
45
943
917
830
718
99
672
720
887
288
636
483
960
55
563
181
569
121
701
451
987
342
797
52
832
831
176
195
463
460
191
508
404
461
690
122
560
715
842
799
355
478
282
667
885
197
849
454
671
550
257
10
892
55
63
77
238
591
624
53
51
168
914
455
629
604
929
541
319
771
340
675
601
622
342
487
171
191
941
194
94
551
205
338
958
268
767
548
859
392
601
262
560
515
718
541
120
647
82
791
771
422
466
372
396
161
859
919
704
153
114
150
704
319
489
14
939
608
562
150
0
163
412
912
679
482
453
799
482
887
942
253
661
761
625
409
922
485
329
978
990
795
129
694
114
970
60
405
578
622
555
931
785
319
195
464
802
1
615
284
888
910
889
902
671
514
311
593
351
640
923
341
435
404
387
901
374
447
658
305
421
565
588
207
885
783
23
39
784
991
675
25
901
564
927
572
430
238
517
782
231
792
475
18
197
215
920
571
14
930
228
436
496
816
995
733
600
370
124
736
713
151
761
614
715
688
538
497
279
407
631
510
200
459
528
397
674
800
968
40
731
549
828
579
365
823
664
317
546
788
54
259
939
815
874
6
856
764
503
135
172
135
997
372
946
525
769
620
678
89
12
761
990
841
340
356
16
4
673
562
792
79
822
83
247
48
89
103
812
944
590
336
431
587
708
377
464
829
349
494
271
362
255
261
203
595
969
571
599
995
134
743
74
308
178
321
356
267
776
520
564
718
857
995
657
917
725
122
99
74
616
722
436
872
335
991
819
305
915
771
300
49
866
726
709
45
400
65
664
176
937
228
895
146
576
552
416
301
26
867
375
995
589
164
219
924
507
390
581
422
161
233
823
28
960
532
425
360
949
89
888
887
318
135
385
246
40
801
547
66
668
922
413
609
438
984
534
946
375
467
368
536
701
192
916
13
724
341
373
674
431
613
913
101
749
298
347
141
452
246
559
472
168
973
82
607
957
968
905
684
435
273
573
136
465
489
149
542
183
874
568
966
840
833
419
941
483
118
82
935
364
641
408
532
614
842
491
924
810
396
960
245
22
533
734
839
375
235
381
558
462
301
524
302
134
295
595
618
413
677
905
777
318
665
661
285
507
505
561
317
901
521
915
275
407
1
115
782
588
848
340
50
150
216
704
636
511
299
606
924
328
512
701
647
177
714
932
685
219
845
354
473
366
621
748
125
622
863
907
211
64
247
613
214
815
318
202
678
969
809
602
298
673
655
297
202
370
581
239
589
426
594
62
144
215
163
270
190
26
177
401
442
777
14
656
944
684
211
623
6
372
225
656
45
233
953
247
955
534
487
544
312
433
959
456
0
474
78
190
852
608
591
295
385
958
303
681
994
514
304
0
886
882
656
931
115
609
531
70
495
370
966
807
803
277
616
803
751
694
346
956
302
289
251
39
247
554
721
594
69
25
594
307
907
603
591
374
564
122
796
60
492
763
219
647
392
835
802
496
530
148
452
832
790
703
224
37
609
945
631
30
970
578
338
230
533
929
604
97
403
401
509
247
516
729
894
908
564
48
756
446
549
208
631
339
263
855
728
873
800
712
903
122
290
593
352
823
522
309
272
925
62
782
524
578
511
418
838
427
819
595
874
720
155
505
59
771
360
139
644
512
851
899
634
493
493
339
668
367
648
941
645
62
75
169
992
586
588
830
365
759
777
239
479
285
96
890
56
808
29
700
672
881
951
307
374
444
998
43
164
998
336
809
60
411
978
52
349
918
234
714
677
12
306
508
649
754
398
705
563
428
757
235
661
708
894
35
505
892
430
21
242
118
830
302
529
808
354
230
727
941
945
756
305
603
265
954
357
663
659
920
443
768
508
104
828
402
492
685
647
274
706
889
393
536
544
274
345
250
505
424
191
802
180
496
405
797
450
114
813
461
35
256
229
895
713
58
649
205
743
648
831
802
538
224
338
434
499
35
684
356
459
876
158
992
372
915
789
175
29
954
636
416
563
218
663
276
276
313
833
371
961
664
173
851
241
864
285
740
899
322
448
711
198
958
703
922
225
844
97
254
799
86
23
714
304
38
990
932
351
175
303
665
839
829
868
80
693
506
172
944
828
620
655
378
930
710
652
155
555
750
762
706
836
785
772
140
175
762
72
879
289
727
544
128
908
764
561
953
622
85
898
802
58
905
180
988
616
833
144
523
935
906
581
123
43
353
615
218
467
39
97
756
766
993
236
27
110
797
980
732
235
230
887
293
488
419
281
456
604
777
979
539
35
912
662
78
617
277
649
436
668
98
192
435
444
780
814
906
578
146
990
813
377
877
458
217
297
739
673
901
517
4
793
552
916
807
983
885
437
984
321
105
434
865
540
878
645
706
784
575
853
127
740
230
4
198
447
301
938
472
555
807
476
348
711
744
155
694
629
592
30
302
698
465
167
590
695
812
649
832
740
502
959
480
84
963
679
883
617
969
355
172
776
831
872
487
927
379
534
908
324
916
210
374
381
729
316
77
893
965
909
633
467
868
114
551
183
793
434
800
762
789
324
890
972
548
729
899
928
615
807
252
532
369
978
913
98
294
342
992
260
603
625
79
471
91
983
7
236
417
807
998
559
484
240
883
32
970
783
960
937
942
564
469
312
894
735
762
189
77
754
801
681
732
232
504
823
215
511
60
633
671
410
544
155
651
427
187
973
562
500
262
505
64
732
169
311
467
931
500
896
38
653
929
770
885
434
593
101
297
5
86
320
416
630
475
419
409
15
744
972
515
6
477
931
90
998
242
557
929
94
806
967
747
735
737
985
521
683
86
819
40
524
139
808
506
967
227
915
982
323
239
497
682
68
780
772
66
23
682
996
117
488
315
865
575
405
202
97
440
288
268
480
164
407
289
22
726
868
937
708
544
177
557
226
597
338
350
664
361
32
12
830
872
327
47
800
84
249
897
524
889
165
5
53
924
646
75
3
514
365
711
58
894
621
636
491
959
987
155
672
371
519
502
596
847
550
396
283
799
645
808
689
162
165
94
438
811
170
441
677
887
153
88
133
774
724
624
85
63
132
757
435
651
259
383
850
161
779
134
961
776
294
2
938
459
96
376
622
618
818
299
505
323
739
990
449
464
615
534
527
99
643
314
102
902
697
953
416
828
439
377
604
733
731
542
192
827
919
166
798
89
817
655
412
557
646
213
21
261
747
900
712
390
215
814
644
912
767
412
741
558
141
697
291
872
240
835
52
511
1
850
600
819
505
364
376
151
577
749
764
676
649
476
418
216
643
414
481
410
827
574
321
968
271
612
841
511
800
893
374
153
95
326
324
600
42
52
104
971
801
868
647
803
697
65
19
340
832
852
102
659
426
423
627
698
388
820
561
188
65
936
693
160
614
18
761
657
70
217
628
872
437
628
27
134
45
398
826
877
251
281
888
677
56
868
375
444
688
289
984
754
577
678
914
191
696
27
200
766
244
181
990
682
809
369
168
206
768
347
436
19
628
324
48
684
192
776
129
881
65
465
987
642
143
253
185
191
281
386
310
877
567
300
911
728
670
80
934
790
427
370
161
407
47
561
91
239
337
572
472
754
38
459
396
533
65
934
725
346
320
35
575
239
687
839
319
709
919
253
851
698
976
12
457
23
574
548
614
263
121
87
18
511
898
766
396
963
700
121
661
20
508
589
611
548
428
930
257
347
536
109
397
864
473
854
887
399
754
853
663
227
940
681
90
191
447
487
154
500
608
168
872
469
757
484
17
185
414
626
884
302
87
633
166
913
487
405
312
593
259
327
821
551
8
911
742
808
750
249
660
711
417
532
180
174
16
549
359
783
527
595
85
615
228
604
880
67
9
192
660
620
520
833
172
880
97
266
40
847
515
700
558
284
233
738
458
601
639
169
384
167
764
822
134
992
778
14
59
787
558
72
408
78
905
932
959
2
198
351
202
66
52
760
350
285
851
809
886
490
330
623
9
95
797
495
439
575
509
851
714
68
923
122
498
180
406
809
183
605
161
385
671
565
497
21
850
348
182
88
191
513
63
200
960
860
48
399
787
557
250
502
977
525
976
476
706
383
637
241
988
798
978
11
363
475
32
565
824
567
6
367
80
421
919
40
634
967
791
421
525
42
923
854
567
900
682
625
283
320
866
623
470
844
634
186
320
18
103
496
585
461
863
665
883
782
57
517
102
849
290
979
243
214
833
810
466
868
788
101
540
654
724
10
499
710
548
819
728
4
667
314
465
530
331
700
664
389
569
766
238
860
97
481
426
931
643
892
799
431
345
339
86
69
701
937
779
602
756
859
606
775
173
423
305
857
124
321
246
693
440
836
905
537
317
331
820
312
223
971
96
568
662
534
989
364
471
120
318
579
980
924
354
505
699
11
362
175
684
960
221
124
796
126
14
465
458
834
130
681
806
226
602
820
760
943
184
583
64
854
162
396
130
868
253
830
879
968
5
563
928
226
40
77
353
406
542
811
240
672
844
398
250
798
219
10
742
755
945
158
610
107
906
740
975
159
922
206
479
928
122
408
506
162
837
211
568
379
374
160
404
571
911
654
369
482
17
463
589
962
973
551
422
879
292
749
391
566
956
870
846
78
630
353
592
467
916
512
199
291
24
955
862
935
961
583
769
978
399
359
293
724
910
67
956
554
816
699
121
772
569
319
850
552
672
794
371
941
306
922
232
331
877
446
618
839
381
388
169
132
99
814
857
361
881
165
916
698
864
389
470
433
708
673
337
733
467
709
26
126
631
258
457
861
56
427
700
437
815
869
922
914
684
779
628
917
944
544
615
808
285
438
593
345
463
283
430
282
992
456
408
975
66
217
836
122
645
888
912
812
110
186
79
146
317
707
63
613
603
31
421
888
469
366
585
284
649
368
566
993
824
327
321
243
544
509
717
189
398
981
354
508
167
433
654
484
140
69
97
743
100
870
983
569
589
568
205
590
936
772
936
113
99
257
356
995
118
425
537
868
407
891
376
574
324
382
411
464
804
508
207
904
379
542
826
968
110
31
910
399
155
846
512
254
103
220
602
574
645
139
442
404
30
171
331
706
905
742
170
709
250
729
614
981
271
440
301
733
823
212
132
979
58
996
585
514
568
187
88
566
326
530
970
708
701
301
414
607
43
936
668
646
665
282
627
288
74
281
374
250
493
858
229
551
855
166
417
775
354
505
341
32
388
664
741
441
317
507
400
713
444
69
359
461
703
338
750
130
619
476
380
464
334
961
368
189
127
785
317
481
291
658
514
31
674
607
472
992
114
873
705
558
294
64
20
997
754
122
127
374
598
507
190
932
820
558
474
948
344
791
429
987
801
295
18
476
902
842
468
369
715
525
927
9
941
299
359
695
421
486
421
371
346
612
656
166
170
130
114
866
921
896
853
74
543
223
550
798
66
370
167
781
895
446
143
836
746
502
884
519
340
305
243
686
269
899
205
440
29
319
306
302
567
512
376
111
735
279
909
801
1
428
935
249
874
430
437
972
932
321
844
272
979
87
311
248
338
516
40
367
187
699
21
755
563
749
218
298
380
479
452
382
907
387
631
133
817
68
458
101
742
302
725
73
741
36
321
79
904
714
798
92
765
171
199
328
920
417
978
653
896
430
35
155
817
18
